0.153
0.342
0.378
0.213
0
-0.17
0.045
0.124
-0.228
0.203
0.167
-0.161
-0.213
-0.546
-0.125
-0.022
-0.165
-0.41
-0.68
-0.656
-0.733
-0.75
-0.912
-0.886
-0.73
-0.673
-0.618
-0.28
0.026
0.333
0.574
0.955
1.345
1.496
1.566
1.961
2.741
2.981
2.554
2.26
1.74
0.802
-0.362
-1.288
-1.791
-1.937
-1.624
-1.351
-1.149
-1.018
-0.96
-1.099
-1.322
-1.602
-1.509
-1.319
-1.157
-1.037
-1.023
-1.099
-1.063
-0.675
-0.417
-0.194
0.038
0.325
0.522
0.807
1.47
2.131
2.317
2.114
2.1
2.322
2.351
1.774
1.436
1.285
0.993
0.198
-0.766
-1.305
-1.475
-1.499
-1.705
-1.76
-1.837
-1.748
-1.621
-1.418
-1.317
-1.276
-1.042
-0.721
-0.589
-0.596
-0.699
-0.493
-0.034
0.112
0.206
0.584
0.874
1.195
1.621
1.97
1.985
1.69
1.819
2.179
2.535
2.588
2.492
1.894
0.855
-0.192
-1.382
-1.954
-1.99
-1.952
-2.074
-2.086
-2.033
-1.961
-2.021
-1.779
-1.401
-0.989
-0.659
-0.302
-0.122
-0.223
-0.426
-0.764
-0.884
-0.565
-0.347
-0.204
0.112
0.373
0.629
1.274
2.018
2.231
1.946
1.889
2.463
2.722
2.48
2.104
1.666
0.641
-0.697
-1.444
-1.54
-1.743
-1.983
-1.932
-1.647
-1.585
-1.671
-1.75
-1.676
-1.37
-1.217
-1.205
-1.176
-1.066
-0.692
-0.563
-0.326
0.124
0.795
1.525
1.807
2.001
2.37
2.37
2.222
2.296
2.799
3.167
3.079
2.413
1.391
-0.053
-1.643
-2.332
-2.715
-2.655
-2.644
-2.608
-2.337
-2.016
-1.686
-1.322
-0.735
-0.192
-0.112
-0.134
-0.2
-0.28
-0.467
-0.62
-0.374
-0.374
-0.417
-0.11
0.273
0.321
0.129
0.268
0.864
1.587
1.795
2.32
2.825
2.909
2.82
2.219
1.779
1.029
-0.161
-1.195
-2.021
-2.612
-2.624
-2.488
-2.332
-2.38
-2.129
-1.185
-0.721
-0.424
-0.055
-0.131
-0.186
-0.232
-0.587
-0.589
-0.462
-0.601
-0.568
-0.058
0.378
0.567
0.823
1.171
1.499
1.594
2.191
2.973
3.476
3.357
2.847
1.831
0.795
-0.455
-1.458
-1.887
-2.038
-2.172
-2.445
-2.569
-2.43
-2.167
-1.956
-1.638
-0.898
-0.194
-0.046
-0.273
-0.501
-0.592
-0.683
-0.661
-0.453
-0.153
-0.222
-0.368
-0.111
-0.105
0.414
0.632
0.85
1.417
2.365
3.129
3.086
3.1
3.012
2.454
1.482
-0.067
-1.542
-2.366
-2.596
-2.354
-2.162
-2.107
-1.719
-0.968
-0.424
-0.335
-0.388
-0.302
-0.151
-0.101
-0.283
-0.786
-1.054
-1.152
-0.721
-0.544
-0.4
-0.058
0.412
0.747
0.89
0.878
0.993
1.35
1.508
1.384
1.527
1.872
2.384
2.78
2.736
2.361
1.324
0.366
-0.525
-1.286
-1.77
-2.126
-2.05
-1.937
-1.834
-1.813
-1.621
-0.64
-0.74
-0.92
-0.769
-0.431
0.222
0.895
1.501
1.736
1.618
1.245
0.543
-0.204
-0.656
-0.848
-0.932
-0.788
-0.941
-1.281
-1.272
-0.917
-0.484
-0.302
-0.146
0.134
0.335
0.313
0.222
0.175
0.133
0.136
0.1
0.125
0.108
0.301
0.347
0.278
0.529
1.068
1.549
1.925
2.258
2.758
2.705
2.107
0.972
0.27
-0.302
-1.255
-1.904
-2.289
-2.062
-1.794
-1.691
-1.444
-1.049
-0.752
-0.606
-0.347
-0.153
-0.235
-0.474
-0.826
-0.778
-0.63
-0.656
-0.608
-0.307
0.254
0.617
0.718
0.773
0.977
1.353
1.999
2.701
3.026
3.256
2.868
2.109
0.771
-0.611
-1.667
-2.644
-2.909
-2.593
-2.016
-1.353
-1.149
-1.228
-1.284
-1.121
-1.056
-0.762
-0.474
-0.206
-0.647
-0.75
-0.572
-0.434
-0.426
-0.168
0.469
0.922
1.412
1.86
1.827
2.157
2.665
2.873
3.33
3.558
3.103
2.291
0.886
-0.333
-1.54
-2.359
-2.742
-3.072
-3.173
-2.804
-2.289
-1.779
-1.449
-0.979
-0.453
-0.158
-0.111
-0.13
-0.316
-0.407
-0.577
-0.829
-0.908
-0.436
0.191
0.421
1.118
1.874
2.54
2.988
3.436
4.635
4.832
2.167
1.886
1.791
-0.074
-1.93
-3.175
-3.742
-4.032
-3.623
-2.995
-2.883
-3.017
-2.814
-2.239
-1.578
-1.434
-1.121
-0.745
-0.793
-0.867
-0.146
0.922
1.582
1.803
1.982
2.564
3.069
3.325
3.428
3.352
3.294
3.091
1.357
-0.086
-1.679
-2.651
-3.098
-3.285
-3.197
-3.501
-3.288
-2.43
-1.738
0.04
0.567
1.247
1.262
1.487
1.549
0.582
0.422
0.232
0.572
2.459
3.778
5.308
7.283
8.478
7.092
5.569
5.325
3.572
0.088
-5.05
-8.624
-8.567
-8.861
-10.454
-9.608
-5.881
-0.055
2.485
5.638
9.292
8.234
7.525
4.956
2.313
0.481
-1.183
-2.687
-4.569
-6.704
-7.422
-8.016
-6.589
-4.401
-0.838
4.604
9.318
7.767
7.954
9.115
5.89
0.974
-3.144
-3.833
-5.043
-6.85
-9.946
-10.959
-7.525
-3.261
3.201
10.041
14.236
11.808
9.481
6.29
2.377
-1.094
-5.84
-9.802
-11.392
-12.441
-11.141
-8.588
-6.17
-1.758
4.001
11.394
13.453
11.303
9.658
7.281
5.669
3.359
-1.039
-4.992
-7.988
-9.594
-9.515
-8.67
-5.007
-0.003
6.278
10.058
8.282
5.373
3.457
1.805
1.702
1.132
-1.291
-4.937
-8.131
-7.703
-6.007
-5.002
-3.735
-0.379
4.695
9.079
6.644
7.001
7.537
5.669
6.905
9.495
10.245
7.36
3.558
0.256
-3.41
-7.518
-11.672
-13.016
-12.338
-11.181
-9.721
-7.849
-3.893
0.799
4.221
9.06
10.784
10.796
9.582
8.385
7.087
3.946
-0.987
-4.791
-6.814
-7.384
-7.339
-8.591
-8.926
-7.387
-3.63
-0.623
2.279
0.359
2.614
6.613
6.263
3.692
1.408
-2.181
-10.918
-19.672
-17.727
-6.596
7.333
7.772
7.757
14.262
16.104
11.119
3.51
-1.997
-6.573
-9.884
-12.788
-16.485
-10.667
-4.463
3.689
12.558
14.519
10.233
4.546
2.88
1.652
-1.937
-8.186
-15.259
-17.912
-14.694
-6.917
0.527
6.244
16.298
16.53
15.73
10.252
2.918
-0.582
-2.076
-3.965
-6.948
-9.539
-10.458
-9.668
-7.518
-1.964
4.264
8.389
10.812
11.054
8.622
6.146
4.355
-0.276
-7.305
-10.94
-12.74
-12.936
-11.035
-7.066
-0.216
6.17
13.525
10.839
10.614
11.023
5.499
0.577
-2.497
-4.262
-5.955
-7.77
-8.521
-7.748
-4.676
-2.397
-4.458
-5.399
-0.537
-0.379
-0.338
-0.182
-0.331
-0.544
-0.778
-0.745
-0.465
-0.199
-0.036
0.246
0.694
1.044
0.771
0.469
0.067
0.562
1.726
2.995
3.862
3.883
3.428
2.734
1.97
0.991
0.491
-0.446
-1.24
-1.849
-2.555
-3.364
-3.821
-3.714
-3.098
-2.612
-2.378
-1.882
-1.533
-1.224
-0.802
-0.122
0.855
1.544
1.958
2.384
2.691
2.918
3.153
3.311
3.665
3.855
3.421
2.693
2.157
1.159
-0.376
-1.827
-2.679
-2.847
-2.854
-2.864
-2.454
-2.086
-1.992
-2.007
-1.753
-1.226
-0.683
-0.467
-0.695
-0.666
-0.484
-0.225
-0.041
0.34
1.025
1.977
1.865
2.258
2.176
2.418
2.677
2.794
3.182
3.151
2.617
1.539
-0.199
-1.36
-2.502
-3.07
-3.079
-2.773
-2.186
-2.246
-2.423
-2.399
-2.095
-1.149
-0.261
-0.181
-0.115
-0.153
-0.419
-0.687
-0.843
-0.367
0.22
0.694
0.728
1.053
1.733
1.863
2.035
2.878
3.503
3.797
4.017
3.644
2.25
0.359
-0.905
-2.019
-2.569
-2.897
-3.022
-3.187
-3.022
-2.603
-2.146
-1.746
-1.2
-0.429
-0.182
-0.101
-0.34
-0.539
-0.436
-0.197
0.057
0.091
0.457
1.149
1.125
1.649
1.74
2.018
2.442
2.643
2.923
3.026
2.756
1.817
0.019
-1.456
-2.229
-2.351
-2.198
-1.791
-1.762
-1.631
-1.908
-2.234
-2.342
-1.935
-1.291
-0.939
-0.697
-0.462
-0.364
-0.276
-0.558
-0.517
-0.077
0.541
0.878
1.142
1.542
1.762
1.927
2.119
2.715
3.244
3.62
3.426
2.6
1.434
0.232
-1.128
-2.217
-2.746
-2.849
-2.871
-2.9
-2.792
-2.148
-1.458
-1.075
-1.09
-0.855
-0.618
-0.28
-0.175
-0.467
-0.944
-1.193
-1.006
-0.719
-0.134
0.926
1.712
1.827
2.155
2.542
2.547
2.708
3.048
3.5
3.337
2.293
1.06
-0.254
-1.293
-2.215
-2.663
-2.452
-1.944
-1.485
-1.715
-2.076
-2.318
-2.131
-1.727
-1.193
-0.695
-0.431
-0.264
-0.472
-0.845
-0.802
-0.309
0.055
0.333
0.893
1.365
1.8
1.635
1.185
1.269
2.253
2.952
3.325
2.849
1.855
0.57
-0.582
-1.415
-1.995
-1.892
-1.614
-1.425
-1.078
-1.025
-1.149
-0.96
-0.486
-0.376
-0.362
-0.309
-0.371
-0.496
-0.644
-0.927
-1.224
-1.078
-0.537
-0.108
-0.007
0.251
0.591
0.728
0.828
0.902
1.336
1.973
2.123
1.611
0.689
-0.491
-0.932
-1.262
-1.114
-1.044
-0.659
-0.197
-0.199
