1.661
1.848
0.198
-0.12
0.426
1.18
1.659
3.105
4.989
5.983
8.425
10.776
9.929
6.816
3.649
0.11
-4.205
-8.112
-11.914
-15.072
-14.27
-11.284
-8.093
-2.732
3.491
8.947
12.342
13.468
11.669
6.639
3.448
0.177
-3.419
-7.075
-10.358
-11.009
-9.939
-2.938
7.92
14.564
20.966
20.904
13.333
2.212
-7.952
-13.382
-17.821
-21.463
-20.129
-14.349
-4.195
5.787
14.207
18.977
15.201
7.918
-0.012
-0.216
-3.175
-8.395
-5.454
-1.882
1.81
3.206
5.768
11.231
12.78
7.822
3.407
0.522
-5.318
-10.248
-12.23
-12.788
-13.018
-13.004
-9.486
-3.175
1.597
6.907
8.387
8.918
7.393
4.068
1.341
-1.758
-5.129
-6.872
-6.369
-5.974
-4.36
-1.485
2.753
3.929
6.792
9.079
7.645
4.216
2.044
0.957
-1.949
-4.652
-6.173
-6.558
-6.319
-6.403
-6.637
-4.595
-1.116
3.855
6.68
7.353
5.875
3.175
1.285
-0.663
-3.551
-6.051
-8.258
-9.237
-8.272
-7.42
-4.856
-3.343
-1.343
-0.041
5.643
8.313
5.301
4.06
4.954
1.925
-0.96
-2.344
-2.78
-2.071
-2.902
