-0.048
-0.153
-0.256
-0.163
-0.122
-0.235
-0.331
-0.47
-0.616
-0.599
-0.651
-0.821
-0.946
-0.908
-0.889
-0.716
-0.671
-0.546
-0.307
-0.082
0.23
0.742
1.388
1.982
2.349
2.957
3.857
4.072
3.807
3.043
2.188
1.23
-0.11
-1.027
-1.827
-2.466
-2.648
-2.507
-2.244
-2.339
-2.363
-1.93
-1.286
-1.011
-1.078
-1.011
-0.795
-0.74
-0.742
-0.673
-0.544
-0.52
-0.393
-0.187
0.347
0.752
1.094
1.503
1.793
1.985
2.241
2.621
3.002
2.832
2.423
1.53
0.462
-0.484
-1.171
-1.408
-1.566
-1.525
-1.37
-1.355
-1.312
-1.53
-1.664
-1.676
-1.71
-1.64
-1.31
-0.968
-0.577
-0.431
-0.101
0.129
0.184
0.22
0.383
0.89
1.235
1.47
1.874
2.135
2.442
2.569
3.074
3.306
2.811
2.119
0.883
-0.465
-1.456
-1.964
-2.258
-2.418
-2.337
-2.186
-1.954
-1.695
-1.415
-1.298
-1.147
-1.106
-1.044
-0.735
-0.276
-0.01
0.033
0.05
0.201
0.438
0.694
0.955
1.484
1.86
2.15
2.526
3.024
3.189
3.005
1.664
0.483
-0.726
-1.353
-1.355
-1.14
-0.987
-0.939
-0.965
-1.382
-1.98
-2.471
-2.565
-2.454
-2.236
-1.923
-1.607
-1.272
-0.917
-0.57
-0.244
0.268
0.881
1.496
2.123
2.554
2.978
3.752
3.958
4.223
3.955
2.839
1.365
-0.024
-0.704
-1.365
-1.908
-2.004
-2.086
-2.141
-1.99
-1.765
-1.451
-1.288
-1.164
-1.145
-1.135
-0.991
-0.596
-0.309
-0.065
-0.206
-0.302
-0.273
-0.149
0.033
0.531
0.969
1.269
1.678
2.507
3.074
3.297
3.29
2.305
0.735
-0.625
-1.315
-1.58
-1.458
-1.169
-0.951
-0.702
-0.58
-0.661
-0.979
-1.063
-1.035
-0.958
-0.891
-0.714
-0.549
-0.587
-0.565
-0.563
-0.747
-0.905
-0.963
-0.723
-0.417
-0.027
0.313
0.986
1.508
1.7
2.102
2.736
3.005
3.304
3.321
2.552
1.295
0.119
-0.623
-1.209
-1.621
-1.715
-1.545
-1.396
-1.276
-1.106
-0.869
-0.798
-0.805
-0.683
-0.549
-0.479
-0.35
-0.211
-0.024
-0.118
-0.467
-0.721
-0.793
-0.719
-0.661
-0.632
-0.491
-0.297
0.191
0.558
0.819
1.056
1.393
2.03
2.926
3.515
3.788
2.684
1.283
0.084
-0.833
-1.489
-1.806
-1.681
-1.133
-0.754
-0.776
-0.987
-1.219
-1.157
-0.994
-0.924
-0.809
-0.601
-0.436
-0.419
-0.58
-0.68
-0.757
-0.912
-1.066
-1.157
-0.946
-0.683
-0.541
-0.127
0.524
1.159
1.477
2.018
2.894
3.414
3.835
4.08
3.74
2.727
1.077
-0.094
-0.924
-1.487
-1.691
-1.794
-1.753
-1.583
-1.3
-1.114
-1.217
-1.446
-1.408
-1.226
-1.044
-0.855
-0.69
-0.333
-0.039
-0.024
-0.211
-0.364
-0.343
-0.165
0.057
0.38
0.778
1.178
1.724
2.162
2.681
3.086
3.069
2.418
1.604
0.527
-0.486
-1.049
-1.286
-1.109
-0.845
-0.647
-0.508
-0.558
-0.783
-0.826
-0.85
-0.826
-0.809
-0.721
-0.448
-0.357
-0.39
-0.292
-0.254
-0.221
-0.254
-0.223
-0.074
0.153
0.112
-0.043
-0.161
-0.371
-0.496
-0.563
-0.481
-0.362
0.27
1.183
1.611
2.191
2.392
2.044
1.573
1.008
0.579
0.026
-0.501
-0.783
-0.881
-0.85
-0.79
-0.764
-0.719
-0.448
-0.321
-0.357
-0.347
-0.362
-0.197
-0.194
-0.355
-0.338
-0.192
-0.187
-0.23
-0.199
-0.235
-0.235
-0.285
-0.493
-0.704
-0.666
-0.46
-0.52
-0.623
-0.671
-0.596
-0.407
0.134
1.154
2.155
3.081
3.428
3.888
4.01
3.467
2.425
1.034
-0.417
-1.336
-2.052
-2.471
-2.483
-2.22
-1.925
-1.549
-1.121
-0.738
-0.405
-0.237
-0.175
-0.28
-0.549
-0.721
-0.735
-0.642
-0.754
-0.879
-0.939
-0.809
-0.587
-0.314
-0.3
-0.132
0.292
0.941
1.472
1.918
2.669
3.256
3.598
3.4
2.899
2.217
1.257
0.194
-0.747
-1.363
-1.748
-2.04
-2.045
-1.722
-1.394
-1.243
-1.219
-1.339
-1.348
-1.322
-1.293
-1.513
-1.707
-1.683
-1.315
-0.977
-0.707
-0.194
0.407
1.123
1.604
1.743
2.205
3.464
4.288
5.229
5.363
4.118
2.791
1.558
0.701
-0.132
-0.845
-1.444
-2.155
-2.964
-3.419
-3.577
-3.561
-3.489
-3.458
-3.039
-2.696
-2.325
-2.184
-1.398
-0.443
0.412
1.111
1.728
2.492
3.167
3.776
4.487
4.92
5.131
4.989
4.068
2.274
0.294
-1.331
-2.366
-2.857
-2.828
-2.727
-2.423
-2.1
-1.901
-1.633
-1.547
-1.679
-1.928
-2.1
-1.932
-1.537
-1.205
-0.69
-0.077
0.711
1.42
1.894
2.337
2.698
2.964
3.541
4.113
4.891
4.432
2.669
0.912
-0.022
-0.359
-0.778
-1.382
-2.105
-2.916
-3.419
-3.862
-3.97
-3.821
-3.338
-2.799
-2.313
-1.446
-0.328
0.27
0.828
1.527
2.25
2.935
3.392
3.646
4.027
4.585
4.934
4.451
2.732
1.463
0.325
-0.984
-2.177
-2.983
-3.412
-3.47
-3.211
-2.957
-2.749
-2.505
-2.325
-2.119
-1.789
-1.446
-1.013
-0.563
0.285
1.015
1.719
2.387
3.237
4.137
5.313
5.983
5.789
3.833
2.284
1.008
0.206
-0.63
-1.403
-2.124
-2.749
-3.613
-4.406
-4.695
-4.748
-4.365
-4.035
-3.462
-2.411
-1.109
-0.065
0.917
1.91
3.266
3.991
3.989
4.223
5.133
5.183
5.095
3.493
1.839
0.119
-1.032
-1.621
-2.263
-2.615
-2.723
-2.526
-2.416
-2.452
-2.485
-2.375
-2.306
-2.315
-2.282
-1.971
-1.291
-0.64
0.108
0.929
2.298
3.201
3.73
4.669
4.939
5.171
4.281
2.406
0.89
-0.01
-0.355
-0.941
-1.42
-1.813
-2.363
-2.794
-3.098
-3.472
-3.549
-3.213
-2.756
-2.304
-1.985
-1.226
-0.125
0.902
0.799
1.898
2.332
2.602
3.057
3.632
3.658
4.721
4.046
2.54
1.209
-0.115
-0.826
-1.351
-1.956
-2.387
-2.579
-2.541
-1.999
-1.985
-1.88
-1.995
-2.076
-2.349
-2.112
-1.463
-0.865
-0.994
-0.709
-0.089
0.591
-0.024
-0.9
0.079
0.79
1.07
2.09
2.284
1.458
-0.726
-2.493
-2.466
